"","size","decay","Accuracy","Sensitivity","auc","parametros"
"1",5,0.1,0.619298686038194,0.812155387304139,0.789865715710306,71
"2",10,0.1,0.654600772968557,0.642783816488487,0.710593456180684,141
"5",5,0.01,0.608869242192813,0.807386687384309,0.787011982611962,71
"6",10,0.01,0.611087395725864,0.734583885990354,0.728858036159815,141
"9",5,0.001,0.562426514671644,0.816407457844162,0.791074058888568,71
"10",10,0.001,0.598384276099341,0.753162376491649,0.744620677304112,141
"13",6,0.1,0.58597147868899,0.78315958522391,0.771403902356176,85
"21",7,0.1,0.607242590383864,0.790189325691976,0.774525024133365,99
"3",8,0.1,0.61993370519999,0.75486651890087,0.742726676642311,113
"4",9,0.1,0.669271710523064,0.733683621257148,0.771826441913345,127
"51",6,0.01,0.577035221407543,0.787490160169099,0.755835248986063,85
"61",7,0.01,0.605214042238572,0.807073511428807,0.767079596217215,99
"7",8,0.01,0.607816879328352,0.769008974905174,0.761498271559863,113
"8",9,0.01,0.609896183105842,0.736763153849221,0.734684054498165,127
"91",6,0.001,0.610313350267178,0.778998436382881,0.772639174008124,85
"101",7,0.001,0.62344405299347,0.789360110615352,0.78002708171815,99
"11",8,0.001,0.584722625324924,0.802098133523335,0.773235979715585,113
"12",9,0.001,0.600086840679924,0.803482902260857,0.776107587722121,127
